50 -51
52
250 300 3
300 300 5
200 350 3
250 350 1
300 350 1
350 350 5
150 400 3
200 400 1
250 400 1
300 400 1
350 400 1
400 400 5
100 450 3
150 450 1
200 450 1
250 450 1
300 450 1
350 450 1
400 450 1
450 450 5
0 500 0
50 500 0
100 500 1
150 500 1
200 500 1
250 500 1
300 500 1
350 500 1
400 500 1
450 500 1
500 500 0
550 500 0
600 500 0
650 500 0
700 500 0
750 500 0
0 550 1
50 550 1
100 550 1
150 550 1
200 550 1
250 550 1
300 550 1
350 550 1
400 550 1
450 550 1
500 550 1
550 550 1
600 550 1
650 550 1
700 550 1
750 550 1
1
625 425
750 425