0 -51
54
0 100 0
50 100 0
100 100 0
150 100 0
650 100 0
700 100 0
750 100 0
0 150 1
50 150 1
100 150 1
150 150 1
0 200 1
50 200 1
100 200 1
150 200 1
0 250 1
50 250 1
100 250 1
150 250 1
650 250 0
700 250 0
750 250 0
0 500 0
50 500 0
100 500 0
150 500 0
200 500 0
250 500 0
300 500 0
350 500 0
400 500 0
450 500 0
500 500 0
550 500 0
600 500 0
650 500 0
700 500 0
750 500 0
0 550 1
50 550 1
100 550 1
150 550 1
200 550 1
250 550 1
300 550 1
350 550 1
400 550 1
450 550 1
500 550 1
550 550 1
600 550 1
650 550 1
700 550 1
750 550 1
3
675 25
675 175
575 425
750 425