50 -51
66
550 300 3
600 300 0
650 300 0
700 300 0
750 300 0
550 350 2
600 350 1
650 350 1
700 350 1
750 350 1
250 400 3
300 400 0
350 400 0
400 400 0
450 400 0
500 400 0
550 400 1
600 400 1
650 400 1
700 400 1
750 400 1
150 450 3
200 450 0
250 450 1
300 450 1
350 450 1
400 450 1
450 450 1
500 450 1
550 450 1
600 450 1
650 450 1
700 450 1
750 450 1
0 500 0
50 500 0
100 500 0
150 500 1
200 500 1
250 500 1
300 500 1
350 500 1
400 500 1
450 500 1
500 500 1
550 500 1
600 500 1
650 500 1
700 500 1
750 500 1
0 550 1
50 550 1
100 550 1
150 550 1
200 550 1
250 550 1
300 550 1
350 550 1
400 550 1
450 550 1
500 550 1
550 550 1
600 550 1
650 550 1
700 550 1
750 550 1
2
425 325
675 225
750 150